Greater Silversmelt (ARU.27.5b6a)
     104
Faroese Summer    survey
    1998      2020
       1         1       0.6     0.7
       5        12
     0.2     4.317     2.435   1.336   1.033   0.832   0.672   0.339   0.242
     0.2     3.556     2.281   1.446    1.31    1.25    1.12   0.735   0.551
     0.2     3.828     1.909   1.393   0.969   0.902   0.805   0.483   0.354
     0.2     5.236     3.559   2.256   2.024   1.758   1.367   0.782   0.504
     0.2     2.778     1.863   1.107   0.951   0.806   0.603   0.325   0.209
     0.2     2.795     1.875   1.323   1.303   1.192    0.97   0.555   0.346
     0.2     3.352     2.446    1.68   1.556   1.453   1.234   0.806   0.569
     0.2     2.103     1.245   0.919   0.894   0.866   0.786   0.507   0.354
     0.2     1.234     1.002   0.664     1.5    1.08   2.775   0.607   0.515
     0.2     1.779     0.933   0.595   0.516   0.607   0.433    0.22   0.142
     0.2     2.713     1.834   1.378   1.475   1.469   1.318   0.914   0.645
     0.2     2.727     1.869   1.717   1.838    2.04    2.16   1.783   1.495
     0.2     2.662     1.521   1.183   1.216   1.288   1.298   0.965   0.789
     0.2      3.37     2.084   1.492   1.451   1.777   1.455   0.811    0.57
     0.2     1.927     1.355   1.269    1.37   1.469   1.437   1.064   0.843
     0.2     2.559     1.489   0.795   0.669   0.564    0.44   0.271   0.209
     0.2     1.336     0.952   0.816   0.821   0.806   0.671   0.436    0.31
     0.2     2.727     1.614   1.353   1.387    1.37   1.228   0.752   0.524
     0.2     3.571     2.184   1.387   1.416    1.47   1.379   0.983   0.805
     0.2      2.99     2.001   1.207    1.01   0.853   0.699   0.446   0.372
     0.2     1.245     1.046   0.934   0.943    0.87   0.717   0.452   0.314
     0.2      1.22     1.007   0.805   0.803   0.708   0.566   0.332   0.215
     0.2     2.380	   2.910   2.870   2.909   2.548   1.996   1.246   0.738
FaroeseDeepWaterSurvey
    2014      2020
       1         1       0.7     0.8
       5        14
0.110	50.9	128.5	243.1	258.5	202.4	260.8	148.1	181.5	124.4	142.8
0.078	22.8	103.7	94.0	346.0	391.9	360.4	222.2	100.4	114.2	131.0
0.073	110.8	358.0	547.2	332.9	943.6	601.8	697.3	412.3	265.5	208.1
0.073	216.4	126.8	282.5	357.2	307.4	430.8	116.8	111.8	85.7	40.7
0.038	19.4	144.7	245.8	268.5	174.7	135.1	80.5	80.6	63.1	13.7
0.052	19.7	68.2	96.1	182.7	380.2	268.1	213.2	103.9	116.6	91.4
0.031	1.2		4.2		31.4	21.1	75.2	84.9	69.9	60.7	36.4	44.5
Scottish Deepwater survey
    1998      2020
       1         1       0.6     0.7
      -1        -1    -1        -1
       1      0.68
       1        -1
       1      1.88
       1        -1
       1      2.44
       1        -1
       1       1.4
       1      0.65
       1      0.54
       1       0.9
       1      0.82
       1      0.84
       1        -1
       1      0.47
       1      0.23
       1      0.58
       1        -1
       1      0.51
       1        -1
       1       1.3
       1        -1
       1      1.75
       1        -1
Combine Faroe-EU standardized CPUE
    2005      2020
       1         1         0       1
      -1        -1
       1      15.5
       1      18.3
       1      17.0
       1      22.3
       1      24.3
       1      20.9
       1      20.8
       1      16.2
       1      14.9
       1      12.9
       1      16.1
       1      14.1
       1      14.0
       1      16.9
       1      16.8
       1      18.7